001
002
003
004
005
006
007
008
009
010
011
012
013
014
015
016
017
018
019
020
021
022
023
024
025
026
027
028
029
030
031
032
033
034
035
036
037
038
039
040
041
042
043
044
045
046
047
048
049
050
051
052
053
054
055
056
057
058
059
060
061
062
063
064
065
066
067
068
069
070
071
072
073
074
075
076
077
078
079
080
081
082
083
084
085
086
087
20260612054256
20260612055011
20260612160101
20260612161144
20260612161742
20260612162310
20260612162426
20260612202924
20260612202953
20260612214607
20260612214638
20260612220902
20260612221144
20260612222041
20260612222645
20260612223619
20260612223729
20260612233436
20260614120708
20260614120748
20260614141804
20260614141832
20260622145423
20260624120000
20260624133349
20260624143000
20260624220000
20260630153000
20260701120000
20260701160000
20260701170000
20260702013000
20260702143000
20260702143100
20260727150000
20260728090000
20260728110000
20260728130000
20260728150000
20260729010000
20260729170000
20260731205451
20260803193000
20260804130000
20260810163000
20260811120000
20260811144500
20260814150000
20260814170000
20260814200000
20260814210000
20260814230000
20260815120000
20260815190000
20260815230000
20260815233000
20260816010000
20260816020000
20260816030000
20260816040000
20260816050000
20260816060000
20260816070000
20260816080000
20260816090000
20260816093000
20260816100000
20260816110000
20260816120000
20260816130000
20260816140000
20260816150000
20260816170000
20260817100000
20260817110000
20260819150000
20260819151000
20260819152000
20260819200000
20260819201000
20260819202000
20260819203000
20260819204000
20260819210000
20260820100000
20260820110000
20260820120000
20260821100000
20260822220500
20260823010000
20260823020000
20260825010000
20260825170000
20260825220000
20260826170000
20260827110000
20260827220000
20260827230000
20260828022800
20260828053000
20260828170000
20260829194500
20260830080000
20260830092331
20260830100000
20260830103000
20260901010000
20260901020000
20260901193023
20260902010000
20260902030000
20260902110000
20260902111000
20260902112000
20260902120000
20260902120100
20260902174035
20260902180000
20260902230000
20260903070000
20260907120000
20260908120000
20260909000000
20260909020000
20260909080000
20260909080600
20260909084500
20260909121500
20260909140000
20260909150529
20260912080000
20260912090000
20260912090100
20260912090200
20260912100000
20260912101000
20260912110000
20260912111000
20260912112000
20260912113000
20260912120000
20260912130000
20260912140000
20260912150000
20260912190000
20260912220000
20260912233000
20260912233100
20260913100000
20260913121000
20260913203019
20260913230000
20260914120000
20260914121000
20260914130000
20260914235900
20260915000100
20260915001000
20260915001100
20260916090000
20260916100000
20260916153000
20260917080000
20260917100000
20260917110000
20260917120000
20260917130000
20260917140000
20260917150000
20260917160000
20260917170000
20260917193000
20260917200000
20260919090000
20260920120000
20260924165149
20260924180619
20260924190000
20260924192336
20260926100000
20260927023443
20260928120000
20260929034021
20260929120000
20260929180000
20260929190000
20260929200000
20260929210000
20260929220000
20260929221000
20260929230000
20260929235900
20260929236000
20260929236500
20260929237000
20260929238000
20260929239000
20260930001000
20260930001100
20260930030000
